YEAR    JAN    FEB    MAR    APR    MAY    JUN    JUL    AUG    SEP    OCT    NOV    DEC   D-J-F   M-A-M   J-J-A   S-O-N  metANN
1881   -2.6   -7.9   -6.5    0.3    2.1    4.6    5.4    4.8    1.9   -1.7   -5.1   -9.5    -5.6    -1.4     4.9    -1.6   -0.92
1882  -15.0  -11.7  -12.6   -4.9    0.8    4.6    6.1    4.7    2.6   -3.3   -6.0   -8.1   -12.1    -5.6     5.1    -2.2   -3.68
1883  -10.2  -15.6   -6.1   -5.6    0.3    2.7    6.6    5.1    3.0   -3.1   -6.0  -14.2   -11.3    -3.8     4.8    -2.0   -3.08
1884  -14.3  -16.7  -13.5   -3.4    0.1    2.7    5.9    3.8    1.5   -3.5  999.9  999.9   -15.1    -5.6     4.1    -2.8   -4.84
1885  999.9   -9.2  999.9   -4.7    0.6    2.2    6.3    8.1    2.7   -1.4   -6.7   -6.2   999.9    -4.1     5.5    -1.8   -2.30
1886  -11.4  -12.1   -8.1   -5.9    1.2    3.2    6.5    5.8    3.1   -1.8   -4.6   -8.5    -9.9    -4.3     5.2    -1.1   -2.52
1887  -12.8  -14.4  -11.1   -4.2    0.1    4.3    7.0    6.2    2.8   -0.9   -2.9   -8.0   -11.9    -5.1     5.8    -0.3   -2.87
1888   -6.8   -9.2   -6.5   -2.3    1.9    6.9    7.1    7.2    2.7    0.7   -6.1   -9.5    -8.0    -2.3     7.1    -0.9   -1.03
1889  -10.9   -7.5   -6.9   -4.2   -0.1    2.8    7.6    6.1    3.5   -0.9   -6.1   -9.4    -9.3    -3.7     5.5    -1.2   -2.17
1890  -12.0  -11.3   -8.5   -2.9    0.2    4.5    6.7    5.8    2.3   -1.5   -6.6   -6.3   -10.9    -3.7     5.7    -1.9   -2.72
1891   -9.8  -16.2   -7.0   -6.2    1.9    6.7    6.5    7.5    2.8   -3.1   -4.3   -8.2   -10.8    -3.8     6.9    -1.5   -2.29
1892   -8.9   -8.0   -6.8   -2.9    1.5    6.4    5.7    6.0    2.4    2.6   -5.2   -3.8    -8.4    -2.7     6.0    -0.1   -1.28
1893   -6.2   -8.4   -6.6   -5.2   -0.1    4.8    6.7    7.4    5.4   -0.4   -2.2  -10.8    -6.1    -4.0     6.3     0.9   -0.72
1894  -12.4  -13.8  -10.7   -6.8  999.9    2.4    7.2    6.1    3.0    0.3   -7.1   -9.3   -12.3    -6.5     5.2    -1.3   -3.73
1895   -4.2   -3.9   -4.2   -2.9    0.1    4.0  999.9  999.9    3.0    1.3   -5.9   -7.8    -5.8    -2.3   999.9    -0.5   -0.44
1896  -10.7  -12.4   -9.3   -3.5   -1.8    4.1    5.6    6.3  999.9    1.4   -6.3  -11.1   -10.3    -4.9     5.3    -0.5   -2.59
1897  -10.3  -10.5   -6.9   -8.8   -0.7    5.2  999.9    5.5    3.5    0.0   -5.2   -7.8   -10.6    -5.5     5.8    -0.6   -2.72
1898  -12.1  -17.2   -7.7  999.9   -0.5    3.9    4.2    3.7    1.3  999.9   -8.0  -11.4   -12.4    -4.3     3.9    -3.5   -4.04
1899  -10.8  -10.7   -6.8  999.9  999.9  999.9  999.9    6.1    3.1   -2.3   -6.2   -8.7   -11.0   999.9   999.9    -1.8  999.90
1900  -10.4   -5.3   -3.2   -5.1    1.9    6.1    8.8  999.9    2.8   -1.1   -6.3  -10.0    -8.1    -2.1     7.7    -1.5   -1.03
1901  -10.3    0.9   -6.1   -5.4    0.9    4.1    6.6    5.6    2.8   -1.8   -2.4   -5.9    -6.5    -3.5     5.4    -0.5   -1.26
1902   -9.4   -6.2   -9.2  999.9    1.7    6.3  999.9    7.1    4.2   -0.3   -5.4   -9.8    -7.2    -3.9     7.1    -0.5   -1.12
1903   -9.2   -9.8  -12.4   -4.0   -0.8    3.9    6.2    6.3    4.4    0.8  999.9   -3.4    -9.6    -5.7     5.5     0.8   -2.27
1904  -10.7  -10.0  -10.0   -8.4    0.3    5.9    6.8    7.7    2.2   -3.4   -3.6   -4.5    -8.0    -6.0     6.8    -1.6   -2.22
1905  -12.3   -8.7   -6.2    0.3    1.4    3.4    6.6    6.4    2.7    1.0   -2.7  -10.1    -8.5    -1.5     5.5     0.3   -1.05
1906  -11.8  -14.2   -7.6   -7.0    1.8    4.8    4.9    7.4    4.0   -1.6   -5.9   -8.3   -12.0    -4.3     5.7    -1.2   -2.94
1907  -10.6  -11.5  -13.9   -5.6    1.2    3.2    6.1    7.0    2.5   -0.4   -4.9   -9.9   -10.1    -6.1     5.4    -0.9   -2.93
1908  -10.2  -10.2   -7.4   -1.2    0.0    3.7    8.6    6.1    4.9   -1.9   -3.6   -7.9   -10.1    -2.9     6.1    -0.2   -1.76
1909  -12.3   -9.0   -1.7   -2.6    2.2    6.6    6.4    5.7    4.3   -2.2   -3.4  -10.3    -9.7    -0.7     6.2    -0.4   -1.16
1910  -10.3  -14.3   -9.3   -2.9    0.4    3.0    7.0    7.8    2.5   -0.9   -5.4   -6.4   -11.6    -3.9     5.9    -1.3   -2.72
1911  -11.1  -13.7   -7.4   -3.0   -0.5    3.6    6.8    7.5    4.1    0.8   -3.8  -10.3   -10.4    -3.6     6.0     0.4   -1.92
1912   -7.6   -5.2   -6.9   -2.2    0.6    5.8    6.1    6.3    4.1   -1.4   -3.8   -7.6    -7.7    -2.8     6.1    -0.4   -1.21
1913   -9.4   -7.1  -10.0   -5.1    0.0    5.5    5.9    4.9    3.6   -0.6   -8.1  -10.7    -8.0    -5.0     5.4    -1.7   -2.33
1914  -11.7  -10.2   -7.9   -4.8   -1.6    1.6    4.8    5.0    2.3   -0.6   -4.1  -11.9   -10.9    -4.8     3.8    -0.8   -3.16
1915  -11.2   -9.1   -4.9   -5.2    2.5    4.2    7.0    6.5    5.6    0.1   -1.3   -3.5   -10.7    -2.5     5.9     1.5   -1.47
1916   -7.4   -8.5   -2.9   -3.6    3.2    5.9    6.7    7.7    5.6   -1.1   -3.2   -3.2    -6.5    -1.1     6.8     0.4   -0.09
1917   -1.2   -4.3   -5.1   -2.6    1.4    5.4    8.8    7.9    3.0   -2.2   -5.4   -7.3    -2.9    -2.1     7.4    -1.5    0.21
1918   -6.9  -12.7   -9.2   -8.0   -0.2    1.9    6.1    5.8    3.7   -1.3   -6.7   -8.3    -9.0    -5.8     4.6    -1.4   -2.90
1919   -8.1   -8.2   -5.2   -5.0    1.3    2.3    6.9    6.2    3.2    0.9   -2.6   -5.8    -8.2    -3.0     5.1     0.5   -1.38
1920  -11.2   -9.7   -9.8   -1.9    0.3    5.6    6.5    4.7    2.4   -1.0   -7.5   -7.3    -8.9    -3.8     5.6    -2.0   -2.28
1921  -10.7  -12.9  -11.1   -5.9    1.5    3.6    6.1    6.6    3.0   -1.1   -2.6   -8.8   -10.3    -5.2     5.4    -0.2   -2.57
1922  -11.3  -15.1   -6.4   -1.0    1.1    1.6    5.7    6.5    2.2    0.5   -3.6   -5.9   -11.7    -2.1     4.6    -0.3   -2.38
1923  -11.2   -4.6   -6.3   -1.9    2.8    5.8    7.3    6.0    3.2    0.3   -2.6   -5.2    -7.2    -1.8     6.4     0.3   -0.59
1924   -6.1   -6.6   -4.5   -1.6    3.4    7.2    7.5    6.8    3.3   -1.6   -3.5  -10.7    -6.0    -0.9     7.2    -0.6   -0.07
1925  -10.6  -12.3   -5.7   -5.6    0.6    3.8    6.6    5.7    4.2    0.5   -1.8   -1.9   -11.2    -3.6     5.4     1.0   -2.11
1926   -5.9   -6.8   -6.9   -2.6    3.2    7.1    8.1    6.8    3.3    1.7   -4.3   -4.4    -4.9    -2.1     7.3     0.2    0.15
1927   -6.9   -8.9   -7.7   -2.9    3.0    6.0    6.6    7.2    5.4    0.2   -2.9   -4.1    -6.7    -2.5     6.6     0.9   -0.44
1928   -7.9   -9.7   -3.1   -1.7    4.0    7.0    8.3    8.5    5.6    0.5   -2.2   -4.7    -7.2    -0.3     7.9     1.3    0.43
1929   -1.5   -4.9   -3.3    0.3    4.0    6.6    8.7    7.8    3.4   -0.6   -4.7   -8.3    -3.7     0.3     7.7    -0.6    0.93
1930  -10.0   -8.7   -2.7   -1.8    2.9    5.1    7.5    6.7    6.2    0.2   -3.9   -6.8    -9.0    -0.5     6.4     0.8   -0.57
1931   -4.5   -7.7   -9.2   -4.6    3.4    6.9    8.5    8.5    6.4   -0.3   -6.9   -7.3    -6.3    -3.5     8.0    -0.3   -0.52
1932  -10.6   -3.5   -1.0   -0.7    4.4    6.1    9.1    7.3    4.6    0.6   -4.3   -8.7    -7.1     0.9     7.5     0.3    0.39
1933  -11.1   -4.8   -6.4   -2.2    2.8    4.9    8.7    8.0    3.8    0.0   -2.8   -5.9    -8.2    -1.9     7.2     0.3   -0.65
1934   -8.6   -9.1   -8.7   -0.9    0.1    5.7    9.2    7.3    3.7   -0.1   -2.3   -4.6    -7.9    -3.2     7.4     0.4   -0.80
1935   -9.4  -10.1   -5.0   -0.3    4.8    6.8    8.4    7.7    6.0   -0.6   -4.6   -5.1    -8.0    -0.2     7.6     0.3   -0.07
1936   -3.0   -3.5   -5.0   -1.3    1.4    5.7    9.8    7.2    4.8    0.2   -2.9   -9.2    -3.9    -1.6     7.6     0.7    0.69
1937  -12.1   -9.2   -1.7   -5.9    0.4    5.1    7.0    6.4    3.9   -0.7   -1.1   -6.1   -10.2    -2.4     6.2     0.7   -1.42
1938   -9.6   -9.4   -9.2   -4.9    1.5    4.1    5.6    6.1    3.9   -2.0   -5.8   -8.8    -8.4    -4.2     5.3    -1.3   -2.15
1939   -4.6  -10.0   -7.7   -0.6    2.3    6.4    8.6    6.4    5.0    0.8   -3.7   -4.6    -7.8    -2.0     7.1     0.7   -0.49
1940   -6.1   -3.5   -4.3   -0.8    1.9    5.2    7.7    5.1    2.6   -0.1   -4.0   -4.6    -4.7    -1.1     6.0    -0.5   -0.07
1941   -3.5   -4.4   -1.9   -0.5    3.1    6.7    7.8    8.4    4.7    2.1   -3.9   -6.8    -4.2     0.2     7.6     1.0    1.17
1942   -7.3   -4.5   -5.3   -4.7    2.9    6.5    8.4    7.7    3.8   -1.4   -1.7   -4.4    -6.2    -2.4     7.5     0.2   -0.20
1943   -2.4   -9.1   -9.8   -6.0    0.4    4.1    7.0    5.8    3.4   -1.7   -3.7   -4.6    -5.3    -5.1     5.6    -0.7   -1.37
1944   -9.9   -7.2   -6.4   -2.1    0.1    5.3    7.0    7.6    2.9   -0.9   -6.0   -8.8    -7.2    -2.8     6.6    -1.3   -1.18
1945   -4.9  -12.3   -5.9   -6.7    1.3    5.8    6.4    6.1    3.0    1.2   -3.5   -2.5    -8.7    -3.8     6.1     0.2   -1.52
1946   -8.9   -5.2   -3.4   -4.8    2.9    5.6    6.4    6.6    3.8    0.9   -1.0   -2.3    -5.5    -1.8     6.2     1.2    0.03
1947   -4.9   -0.9   -1.9   -2.9    2.5    7.3    7.7    6.1    3.8   -0.6   -2.2   -2.6    -2.7    -0.8     7.0     0.3    0.98
1948   -6.8   -7.7  -10.6   -3.9    0.5    7.2    9.4    7.5    4.1   -1.1   -4.4   -9.1    -5.7    -4.7     8.0    -0.5   -0.70
1949  -10.4  -13.6   -7.6   -8.9    0.8    6.4    8.4    6.7    3.0   -1.8   -4.2   -6.4   -11.0    -5.2     7.2    -1.0   -2.52
1950  -11.3   -9.9   -4.3   -3.4    2.5    6.5    7.9    6.7    3.4   -1.6   -3.9   -2.1    -9.2    -1.7     7.0    -0.7   -1.15
1951   -7.6  -10.8   -5.5   -4.2    1.8    6.6    6.9    6.2    5.2   -1.4  999.9   -8.4    -6.8    -2.6     6.6     0.1   -0.71
1952   -8.6   -6.9   -8.1   -3.7    2.7    5.1    6.7    6.8    4.5    0.4    1.7   -2.5    -8.0    -3.0     6.2     2.2   -0.65
1953   -7.9   -6.0   -8.8    0.6    3.5    4.6    7.5    6.7    3.7   -1.4  999.9  -11.9    -5.5    -1.6     6.3    -0.7   -0.36
1954   -6.6  -10.1   -4.7   -3.2    3.3    4.6    6.5    7.0    4.3    0.2  999.9   -9.0    -9.5    -1.5     6.0     0.4   -1.15
1955   -8.6   -4.0   -3.7   -4.5    2.3    5.7    4.8    5.9    3.1    1.5    0.6   -3.7    -7.2    -2.0     5.5     1.7   -0.49
1956  -10.3   -7.2   -4.8   -0.2    0.2    4.1    6.5    7.6    3.7   -1.1  999.9  -11.4    -7.1    -1.6     6.1    -0.5   -0.78
1957  -11.3   -6.9   -4.6   -2.2    1.9    6.9    7.2    7.4    5.4   -1.0  999.9   -6.4    -9.9    -1.6     7.2     0.4   -0.99
1958   -7.9   -4.2   -4.7   -4.0    1.9    6.1    8.7    7.5    4.4   -0.4  999.9   -2.8    -6.2    -2.3     7.4     0.2   -0.21
1959   -3.2   -9.9   -9.8   -1.4    2.8    5.3    7.2    6.3    3.4   -0.2  999.9   -7.4    -5.3    -2.8     6.3    -0.2   -0.52
1960   -5.6   -6.1   -8.1   -4.4    2.3    5.0    8.5    9.3    4.4    3.9    1.7   -5.2    -6.4    -3.4     7.6     3.3    0.29
1961   -6.1  -10.9  -10.4   -2.3    1.1    5.3    6.9    6.9    3.7    0.2   -3.8   -3.2    -7.4    -3.9     6.4     0.0   -1.22
1962   -6.7   -7.9   -0.9   -2.9    2.4    4.9    7.0    6.9    4.3    0.0   -2.7   -4.9    -5.9    -0.5     6.3     0.5    0.10
1963   -3.6   -3.0   -6.4   -1.6   -0.9    3.8    6.1    7.2    2.1   -2.5   -4.1   -2.3    -3.8    -3.0     5.7    -1.5   -0.65
1964   -4.8   -3.5  -12.0   -3.7    0.4    3.7    5.4    7.3    5.5   -0.7   -3.8   -5.6    -3.5    -5.1     5.5     0.3   -0.71
1965   -7.6   -3.2   -3.7   -3.1    3.2    5.1    8.3    7.1    4.0   -0.3   -1.5   -5.9    -5.5    -1.2     6.8     0.7    0.23
1966   -7.1   -4.2   -7.4   -2.4    0.5    3.5    7.3    7.6    4.8    3.2   -2.6   -7.2    -5.7    -3.1     6.1     1.8   -0.22
1967   -3.5   -9.5  -11.7   -6.8    1.6    3.2    6.4    6.1    3.1   -1.7   -4.6   -6.1    -6.7    -5.6     5.2    -1.1   -2.05
1968   -7.8   -4.9  -10.4   -1.8    2.2    4.0    7.8    5.0    3.7    0.1   -3.5   -4.9    -6.3    -3.3     5.6     0.1   -0.97
1969   -4.0   -3.6   -5.9   -4.1    0.8    3.4    5.2    5.1    1.9   -0.9   -2.9   -7.0    -4.2    -3.1     4.6    -0.6   -0.82
1970   -7.0   -6.3   -4.3   -3.5   -1.4    2.7    5.0    5.1    3.3   -0.6   -3.9   -6.0    -6.8    -3.1     4.3    -0.4   -1.49
1971   -7.6  -11.4   -6.4   -4.4   -0.1    4.5    7.6    5.7    3.1   -0.9   -4.0  -12.8    -8.3    -3.6     5.9    -0.6   -1.66
1972  -13.1   -9.0  -12.0   -4.7    0.1    1.5    4.5    4.9    3.8   -0.5   -5.4   -7.4   -11.6    -5.5     3.6    -0.7   -3.56
1973   -6.5  -11.3   -9.2   -2.1   -0.4    3.2    6.7    6.7    4.7    0.2   -1.7   -4.8    -8.4    -3.9     5.5     1.1   -1.42
1974   -8.2   -6.8   -5.9   -4.5    1.8    5.8    7.5    6.9    3.5    0.8   -3.9  -11.4    -6.6    -2.9     6.7     0.1   -0.65
1975  -10.7   -7.4   -6.9   -3.0    1.6    4.6    6.3    6.9    2.9    0.3   -3.6   -6.8    -9.8    -2.8     5.9    -0.1   -1.70
1976   -8.1  -10.8  -10.9   -4.1    1.3    4.5    6.5    4.5    4.5   -1.2   -2.8   -3.1    -8.6    -4.6     5.2     0.2   -1.95
1977   -3.0   -5.1   -4.2   -2.2    2.1    4.8    8.5    7.0    2.9   -1.0   -1.3   -5.8    -3.7    -1.4     6.8     0.2    0.45
1978   -8.7   -4.8   -9.2   -2.9   -0.6    2.6    7.1    6.6    4.1   -0.7   -6.4    0.0    -6.4    -4.2     5.4    -1.0   -1.56
1979   -4.4   -4.5   -7.3   -1.5    2.1    3.8    6.6    6.6    3.9   -0.1   -5.8   -7.3    -3.0    -2.2     5.7    -0.7   -0.05
1980   -2.4   -6.6   -5.3   -5.5    1.3    3.6    6.5    6.4    3.9    0.4   -2.3   -5.6    -5.4    -3.2     5.5     0.7   -0.61
1981   -6.4   -8.6   -5.6   -4.0   -0.1    4.3    6.8    5.1    4.0   -0.9   -4.8   -3.8    -6.9    -3.2     5.4    -0.6   -1.32
1982  999.9  -12.9  -10.8   -4.7   -0.6    3.1    5.5    4.9    1.3   -1.5   -6.0   -9.8    -8.6    -5.4     4.5    -2.1   -2.88
1983  -18.7  -12.7  -13.2   -4.4   -0.7    3.5    4.9    4.0    2.2   -2.0   -5.2   -6.7   -13.7    -6.1     4.1    -1.7   -4.34
1984  -19.1  -19.8   -8.2   -7.7   -0.6    3.1    7.3    4.5    2.6   -2.2   -3.5   -9.9   -15.2    -5.5     5.0    -1.0   -4.19
1985   -2.4   -6.5   -6.1   -2.6    3.0    5.6    6.7    6.2    4.7   -1.0   -1.6   -1.2    -6.3    -1.9     6.2     0.7   -0.32
1986   -5.2   -0.6   -9.8   -3.7    0.3    3.0    6.8    7.1    5.1   -2.5   -7.2   -8.5    -2.3    -4.4     5.6    -1.5   -0.66
1987   -7.3   -8.6   -8.7   -6.3    0.2    6.2    6.0    8.0    4.3   -0.8   -3.5   -6.5    -8.1    -4.9     6.7    -0.0   -1.58
1988   -7.9   -5.0   -5.0   -3.7   -0.2    3.6    6.0    6.6    3.6    0.3   -2.4   -6.6    -6.5    -3.0     5.4     0.5   -0.88
1989  -11.0  -12.6  -13.9   -4.3   -1.2    2.3    5.0    4.9    1.4   -1.9   -2.4   -4.8   -10.1    -6.5     4.1    -1.0   -3.36
1990   -9.5  -11.8   -9.2   -7.1   -1.1    3.8    7.0    5.5    3.2   -0.6   -0.8   -8.7    -8.7    -5.8     5.4     0.6   -2.12
1991  -10.6   -9.5   -7.0   -5.6   -0.2    4.5    8.4    6.0    4.0   -1.0   -5.7   -6.2    -9.6    -4.3     6.3    -0.9   -2.12
1992   -7.4  -17.9   -7.9   -6.2   -3.3    0.9    4.9    4.9    2.3    1.0   -5.7   -9.6   -10.5    -5.8     3.6    -0.8   -3.38
1993  -15.2  -13.5  -14.3   -6.6   -2.2    3.5    6.7    5.6    4.0    1.1   -6.6   -9.6   -12.8    -7.7     5.3    -0.5   -3.92
1994   -8.3   -9.0  -12.0   -3.2    1.9    2.8    5.2    5.1    2.1   -0.4   -3.9   -9.7    -9.0    -4.4     4.4    -0.7   -2.44
1995  -10.8  -10.0  -12.8   -2.2    1.4    4.4    6.8    5.0    3.8   -1.4   -0.6   -5.6   -10.2    -4.5     5.4     0.6   -2.17
1996   -7.3   -6.3   -5.5   -1.3    2.6    3.0    5.0    5.3    3.3   -1.8   -3.8   -4.3    -6.4    -1.4     4.4    -0.8   -1.03
1997   -4.9  -12.1  -10.3   -5.2    1.3    6.3    5.9    5.3    3.4    0.8   -2.4   -4.3    -7.1    -4.7     5.8     0.6   -1.35
1998   -5.4  -12.4   -8.0   -2.2    1.1    5.7    7.1    6.5    4.2   -0.7  999.9   -5.0    -7.4    -3.0     6.4    -0.1   -1.01
1999   -9.3   -9.9  999.9  999.9   -1.8    2.9    6.6    6.7    2.8   -0.3   -4.2   -4.9    -8.1   999.9     5.4    -0.6   -1.71
2000   -6.8   -9.7  999.9   -0.4   -0.4    4.9    6.8    6.4    4.1   -0.8   -2.6  999.9    -7.1    -2.4     6.0     0.2   -0.82
2001   -6.8   -8.0   -5.6   -2.0    1.0    5.2    6.2    7.1    4.6    1.0   -2.7   -2.9    -6.8    -2.2     6.2     1.0   -0.47
2002   -6.7  -11.6   -8.9   -4.6    2.7    4.4    6.3    5.9    4.6   -0.5   -2.0   -3.8    -7.1    -3.6     5.5     0.7   -1.11
2003  999.9  999.9  999.9   -3.6    1.8    5.6    7.7    8.3    5.7    2.8   -3.0   -2.7   999.9    -2.9     7.2     1.8   -0.15
2004   -5.3   -5.1   -8.9   -3.4    2.6    5.4    6.0    7.2    3.8    1.4   -1.4  999.9    -4.4    -3.2     6.2     1.3   -0.03
2005  999.9   -3.7   -2.4   -1.6  999.9    5.2    7.5    6.7    3.4   -0.6   -1.6   -4.0   999.9     0.2     6.5     0.4    0.17
2006   -9.6   -4.6   -2.5   -3.4    2.0    4.5    7.5    7.1    4.9    1.1   -4.6   -6.3    -6.1    -1.3     6.4     0.5   -0.13
2007   -6.6   -2.2   -7.2   -4.6    0.0    4.4    7.9    8.5  999.9  999.9   -3.4  999.9    -5.0    -3.9     6.9   999.9   -0.31
2008  999.9  999.9   -8.2  999.9    2.4    5.2  999.9  999.9    3.4   -0.5  999.9   -7.1   999.9    -3.1   999.9    -0.4  999.90
2009   -5.0   -5.2   -9.7   -3.0    0.0    4.3    7.8    7.5  999.9   -0.4   -6.0   -2.1    -5.8    -4.2     6.5    -1.3   -1.18
2010   -3.6   -0.9   -3.9   -0.7    5.1    6.5    7.8  999.9  999.9  999.9  999.9  999.9    -2.2     0.2     7.4   999.9    2.15